0,419
0,418
0,417
0,416
31,6
0,415
0,414
0,413
0,412
31,5
0,411
0,410
0,409
0,408
31,4
0,407
0,406
0,405
31,3
31,2
0,404
31,1
31,0
0,403
0,402
0,401
0,400
0,399
0,398
30,4
0,397
30,3
30,2
0,396
30,1
30,0
29,4
29,3
29,2
29,1
29,0
0,395
0,394
0,393
0,392
0,391
0,390
0,389
0,388
0,387
0,386
0,385
0,278
28,3
28,2
28,1
28,0
0,384
0,319
0,318
27,4
27,3
27,2
27,1
27,0
0,317
0,316
26,4
26,3
26,2
0,283
0,243
26,1
26,0
25,3
25,2
0,9
25,1
25,0
3,1
3,3
10,199
10,167
10,195
10,163
10,31
10,227
11,19
11,9
11,15
9,7
8,10
8,6
8,5
8,11
8,15
8,17
8,14
